0 521 647 53 113 1096 671 38 89 422 648 21 44 
1 520 648 47 112 1096 670 37 90 420 648 22 44 
2 1096 667 38 93 513 652 52 109 421 649 23 44 
3 1096 666 37 94 513 653 48 106 422 648 23 46 
4 511 650 49 112 1099 665 35 94 426 648 18 48 417 651 15 43 
5 1100 665 36 94 508 652 47 112 427 650 20 46 
6 1100 662 39 97 504 651 49 115 426 649 20 48 
7 498 646 50 119 1103 663 37 96 426 648 20 48 417 651 15 43 
8 497 636 48 130 1102 660 40 99 427 648 19 47 417 651 15 42 
9 493 636 51 128 1104 665 38 92 428 647 18 46 418 651 14 41 
10 489 630 49 131 1099 659 46 98 429 642 20 48 415 644 15 44 
11 487 627 50 133 1095 656 52 100 430 639 18 46 412 639 16 44 
12 481 623 52 137 1096 655 52 101 430 635 19 47 411 636 17 43 
13 1096 655 54 103 475 623 53 131 431 632 18 46 410 633 17 43 
14 1097 656 54 102 471 620 56 133 433 628 19 48 412 631 18 43 
15 1098 656 54 102 471 623 55 127 432 626 21 48 408 626 22 44 653 577 50 109 
16 1099 654 53 105 466 622 57 127 434 623 18 49 411 624 17 43 
17 1104 656 48 103 460 613 63 138 410 622 19 43 436 622 20 48 655 575 49 106 
18 1105 657 53 103 452 611 65 140 436 620 20 48 412 620 18 44 
19 449 610 61 142 1108 654 47 107 412 621 18 43 436 620 21 47 661 575 47 106 
20 445 613 61 140 1110 654 48 108 659 572 51 103 413 622 16 44 440 622 27 120 
21 1111 655 48 110 444 613 58 143 414 623 16 45 657 575 56 114 
22 1113 654 48 108 438 619 60 136 412 621 17 49 
23 1114 650 47 113 438 617 57 141 411 626 17 47 
24 436 615 56 147 1118 656 44 104 410 628 18 48 
25 431 626 55 138 1115 658 50 102 410 629 18 48 
26 422 619 57 153 1115 658 50 105 
27 1117 655 49 110 416 620 57 155 
28 1117 653 50 115 411 623 55 154 
29 1119 654 48 117 407 628 58 154 
30 1122 659 48 117 403 634 60 154 
31 1124 659 47 121 400 636 58 155 
32 1125 662 48 122 397 636 59 156 
33 1125 666 47 118 392 637 58 155 
34 1125 667 45 120 387 638 58 148 450 652 25 51 
35 1126 670 44 118 380 638 57 158 451 653 24 50 
