0 1059 659 25 85 1214 654 36 122 
1 1060 660 28 88 1433 14 471 666 214 485 22 68 
2 1060 662 29 87 1407 4 495 794 
3 1060 663 30 88 1414 10 488 737 1022 672 13 33 
4 
5 1065 661 26 89 1420 18 484 697 1022 671 19 46 1014 670 15 45 
6 1065 660 29 94 1337 32 578 996 1019 672 15 40 1027 673 14 34 
7 1066 660 29 95 1020 671 15 42 1429 31 472 770 1027 672 14 35 
8 1068 663 26 93 1435 28 458 749 1023 673 16 41 
9 1070 662 26 90 1475 16 422 664 1019 667 17 45 
10 1070 660 27 95 1024 669 18 39 
11 1071 661 27 96 1022 669 16 39 1262 652 40 139 
12 1072 660 28 96 483 640 23 60 1019 666 17 45 1027 667 15 35 
13 1072 657 29 99 482 640 23 60 1022 666 14 41 1467 8 433 774 1013 666 17 44 
14 1072 657 30 100 478 644 20 57 1020 667 16 43 1472 9 422 819 
15 1074 655 28 102 479 640 21 62 1020 667 16 44 
16 1074 656 30 106 1018 667 21 44 475 644 23 60 1066 661 23 78 
17 1074 656 33 108 1021 668 16 44 476 643 22 62 1405 2 480 876 
18 1077 656 31 106 1018 669 20 46 476 646 21 62 1434 18 463 870 
19 1080 657 29 104 1021 669 21 45 1392 16 518 916 474 646 22 65 1068 663 19 65 
20 1082 660 29 102 469 647 25 65 1020 672 17 46 1390 14 504 894 1066 668 16 51 
21 1083 659 32 106 1413 33 490 866 469 647 26 67 1019 672 24 50 1313 660 49 156 1066 668 16 51 
22 1082 660 34 110 1408 23 496 927 468 649 28 66 1019 672 24 50 
23 1084 661 34 108 1401 24 505 922 467 650 28 67 1020 672 23 51 1066 670 16 46 995 671 19 37 
24 1084 662 36 108 1022 673 22 49 1395 1 501 950 464 650 32 67 1067 671 15 45 993 672 15 35 
25 1084 660 36 113 1022 673 22 49 462 651 30 67 1420 20 484 788 998 672 14 34 1291 656 50 180 
26 1088 659 34 114 1401 8 503 920 459 650 28 67 1024 672 19 51 400 648 16 62 1069 668 18 49 993 671 14 38 1000 670 16 37 
27 1088 661 35 108 1022 672 22 50 1406 5 503 907 1069 667 17 48 1000 670 16 37 994 670 13 36 
28 1090 659 35 113 1024 672 20 41 1435 16 463 666 1069 668 18 48 727 642 24 73 
29 1092 659 34 113 1446 8 450 613 1024 670 21 43 1069 667 19 47 455 643 34 70 287 665 27 67 996 668 17 37 
30 1094 658 33 114 1023 671 21 46 453 643 32 67 1069 666 19 48 1448 13 454 639 
31 1095 659 34 113 454 641 29 71 1027 670 17 46 1068 665 22 52 1440 20 461 602 
32 1095 657 37 114 454 641 27 72 1027 669 17 47 1071 666 18 49 1399 20 502 612 
33 1097 657 36 111 452 640 29 74 1027 668 16 48 1072 666 20 50 1422 14 481 617 1014 669 20 50 
34 1098 654 36 115 451 638 29 77 1072 665 20 53 1029 666 15 47 1404 23 496 678 1023 668 13 48 
35 1099 654 36 115 1072 664 21 53 1029 665 15 48 447 641 26 78 1377 634 55 231 1021 667 15 49 1410 21 497 700 1000 663 21 47 
36 1101 652 37 118 1074 662 21 55 1029 664 15 50 1022 666 14 51 1035 663 20 43 994 661 20 44 1012 667 18 51 
37 1103 652 35 118 1029 663 15 49 1075 661 20 55 301 659 20 62 1023 665 13 50 1440 22 467 773 244 675 22 59 1036 663 19 43 995 660 19 44 
38 1104 652 37 119 1076 662 20 56 1030 663 19 49 298 666 20 55 1023 665 14 49 990 659 18 44 
39 1104 650 37 121 444 641 33 75 1029 661 20 52 1075 662 20 54 296 646 22 70 1023 663 14 51 990 658 17 45 
40 1106 649 38 126 439 641 35 73 1076 660 19 56 1028 661 16 51 292 648 23 66 992 658 17 44 1016 661 20 53 1424 609 82 273 
41 1107 648 39 126 437 641 37 72 1077 661 19 53 1028 660 15 50 286 669 18 47 992 658 16 42 1036 661 17 43 1015 660 21 53 
42 1108 646 39 127 433 640 41 69 1076 662 20 52 1029 658 20 49 282 656 21 58 1021 661 16 51 990 656 19 44 
43 1110 644 39 131 1030 658 20 48 1079 662 17 48 279 661 21 54 437 642 34 69 1022 659 16 54 990 655 19 43 
44 1110 643 40 132 1079 659 20 49 1030 657 19 48 1022 658 15 55 993 654 18 40 438 636 34 70 986 657 15 40 
45 1114 644 38 128 1079 657 21 50 1031 655 17 54 992 653 20 40 1018 657 19 60 272 652 23 62 
46 1116 638 38 136 1080 655 20 52 1032 654 17 53 991 652 22 44 1020 656 17 56 
47 1118 637 37 137 1082 653 19 52 1031 654 19 49 992 653 22 42 1020 656 18 57 985 653 17 44 
48 1121 638 40 136 1083 653 19 54 1032 654 18 46 993 654 21 39 1021 656 17 54 985 654 15 39 261 636 28 76 
49 1122 636 41 139 1084 654 19 54 1032 654 18 46 257 643 23 69 993 654 20 39 1022 657 17 53 983 653 18 42 435 639 28 71 
50 1123 637 41 135 1084 653 19 56 1032 655 18 46 252 647 27 66 988 654 15 39 433 640 28 72 1022 657 16 53 
51 1124 638 42 136 1084 656 20 54 1032 655 18 50 249 646 27 69 1018 658 20 56 994 657 17 36 982 655 19 42 
52 1125 636 41 138 1084 656 20 56 245 651 28 66 1032 656 17 54 1018 658 20 60 990 655 18 41 431 640 31 72 
53 1126 637 42 139 1084 659 20 53 1032 657 17 54 241 659 25 59 1019 658 19 61 989 655 18 43 429 652 30 63 
54 1126 637 45 145 1084 660 20 57 1032 658 17 53 238 661 26 57 1018 659 20 60 988 656 19 46 429 647 31 65 
55 1127 637 45 146 1085 661 20 60 1032 660 17 52 233 660 26 57 1019 659 18 62 426 651 33 65 988 656 19 48 
56 1130 639 42 141 1086 660 21 61 227 655 30 62 1032 660 17 52 426 646 31 72 1019 660 18 61 988 657 19 49 1276 652 35 124 
57 1130 638 42 150 1088 660 20 61 225 652 28 66 1032 660 17 53 425 649 34 67 988 657 19 49 1019 660 18 62 
58 1134 640 39 143 1088 660 22 62 1032 660 18 54 223 658 24 58 424 649 34 65 993 658 21 47 1019 660 19 62 983 658 19 49 
